Expected number of bases given by formula: 168
((0, 0, 1), (0, 1, 0), (1, 0, 0))
((0, 0, 1), (0, 1, 0), (1, 0, 1))
((0, 0, 1), (0, 1, 0), (1, 1, 0))
((0, 0, 1), (0, 1, 0), (1, 1, 1))
((0, 0, 1), (0, 1, 1), (1, 0, 0))
((0, 0, 1), (0, 1, 1), (1, 0, 1))
((0, 0, 1), (0, 1, 1), (1, 1, 0))
((0, 0, 1), (0, 1, 1), (1, 1, 1))
((0, 0, 1), (1, 0, 0), (0, 1, 0))
((0, 0, 1), (1, 0, 0), (0, 1, 1))
((0, 0, 1), (1, 0, 0), (1, 1, 0))
((0, 0, 1), (1, 0, 0), (1, 1, 1))
((0, 0, 1), (1, 0, 1), (0, 1, 0))
((0, 0, 1), (1, 0, 1), (0, 1, 1))
((0, 0, 1), (1, 0, 1), (1, 1, 0))
((0, 0, 1), (1, 0, 1), (1, 1, 1))
((0, 0, 1), (1, 1, 0), (0, 1, 0))
((0, 0, 1), (1, 1, 0), (0, 1, 1))
((0, 0, 1), (1, 1, 0), (1, 0, 0))
((0, 0, 1), (1, 1, 0), (1, 0, 1))
((0, 0, 1), (1, 1, 1), (0, 1, 0))
((0, 0, 1), (1, 1, 1), (0, 1, 1))
((0, 0, 1), (1, 1, 1), (1, 0, 0))
((0, 0, 1), (1, 1, 1), (1, 0, 1))
((0, 1, 0), (0, 0, 1), (1, 0, 0))
((0, 1, 0), (0, 0, 1), (1, 0, 1))
((0, 1, 0), (0, 0, 1), (1, 1, 0))
((0, 1, 0), (0, 0, 1), (1, 1, 1))
((0, 1, 0), (0, 1, 1), (1, 0, 0))
((0, 1, 0), (0, 1, 1), (1, 0, 1))
((0, 1, 0), (0, 1, 1), (1, 1, 0))
((0, 1, 0), (0, 1, 1), (1, 1, 1))
((0, 1, 0), (1, 0, 0), (0, 0, 1))
((0, 1, 0), (1, 0, 0), (0, 1, 1))
((0, 1, 0), (1, 0, 0), (1, 0, 1))
((0, 1, 0), (1, 0, 0), (1, 1, 1))
((0, 1, 0), (1, 0, 1), (0, 0, 1))
((0, 1, 0), (1, 0, 1), (0, 1, 1))
((0, 1, 0), (1, 0, 1), (1, 0, 0))
((0, 1, 0), (1, 0, 1), (1, 1, 0))
((0, 1, 0), (1, 1, 0), (0, 0, 1))
((0, 1, 0), (1, 1, 0), (0, 1, 1))
((0, 1, 0), (1, 1, 0), (1, 0, 1))
((0, 1, 0), (1, 1, 0), (1, 1, 1))
((0, 1, 0), (1, 1, 1), (0, 0, 1))
((0, 1, 0), (1, 1, 1), (0, 1, 1))
((0, 1, 0), (1, 1, 1), (1, 0, 0))
((0, 1, 0), (1, 1, 1), (1, 1, 0))
((0, 1, 1), (0, 0, 1), (1, 0, 0))
((0, 1, 1), (0, 0, 1), (1, 0, 1))
((0, 1, 1), (0, 0, 1), (1, 1, 0))
((0, 1, 1), (0, 0, 1), (1, 1, 1))
((0, 1, 1), (0, 1, 0), (1, 0, 0))
((0, 1, 1), (0, 1, 0), (1, 0, 1))
((0, 1, 1), (0, 1, 0), (1, 1, 0))
((0, 1, 1), (0, 1, 0), (1, 1, 1))
((0, 1, 1), (1, 0, 0), (0, 0, 1))
((0, 1, 1), (1, 0, 0), (0, 1, 0))
((0, 1, 1), (1, 0, 0), (1, 0, 1))
((0, 1, 1), (1, 0, 0), (1, 1, 0))
((0, 1, 1), (1, 0, 1), (0, 0, 1))
((0, 1, 1), (1, 0, 1), (0, 1, 0))
((0, 1, 1), (1, 0, 1), (1, 0, 0))
((0, 1, 1), (1, 0, 1), (1, 1, 1))
((0, 1, 1), (1, 1, 0), (0, 0, 1))
((0, 1, 1), (1, 1, 0), (0, 1, 0))
((0, 1, 1), (1, 1, 0), (1, 0, 0))
((0, 1, 1), (1, 1, 0), (1, 1, 1))
((0, 1, 1), (1, 1, 1), (0, 0, 1))
((0, 1, 1), (1, 1, 1), (0, 1, 0))
((0, 1, 1), (1, 1, 1), (1, 0, 1))
((0, 1, 1), (1, 1, 1), (1, 1, 0))
((1, 0, 0), (0, 0, 1), (0, 1, 0))
((1, 0, 0), (0, 0, 1), (0, 1, 1))
((1, 0, 0), (0, 0, 1), (1, 1, 0))
((1, 0, 0), (0, 0, 1), (1, 1, 1))
((1, 0, 0), (0, 1, 0), (0, 0, 1))
((1, 0, 0), (0, 1, 0), (0, 1, 1))
((1, 0, 0), (0, 1, 0), (1, 0, 1))
((1, 0, 0), (0, 1, 0), (1, 1, 1))
((1, 0, 0), (0, 1, 1), (0, 0, 1))
((1, 0, 0), (0, 1, 1), (0, 1, 0))
((1, 0, 0), (0, 1, 1), (1, 0, 1))
((1, 0, 0), (0, 1, 1), (1, 1, 0))
((1, 0, 0), (1, 0, 1), (0, 1, 0))
((1, 0, 0), (1, 0, 1), (0, 1, 1))
((1, 0, 0), (1, 0, 1), (1, 1, 0))
((1, 0, 0), (1, 0, 1), (1, 1, 1))
((1, 0, 0), (1, 1, 0), (0, 0, 1))
((1, 0, 0), (1, 1, 0), (0, 1, 1))
((1, 0, 0), (1, 1, 0), (1, 0, 1))
((1, 0, 0), (1, 1, 0), (1, 1, 1))
((1, 0, 0), (1, 1, 1), (0, 0, 1))
((1, 0, 0), (1, 1, 1), (0, 1, 0))
((1, 0, 0), (1, 1, 1), (1, 0, 1))
((1, 0, 0), (1, 1, 1), (1, 1, 0))
((1, 0, 1), (0, 0, 1), (0, 1, 0))
((1, 0, 1), (0, 0, 1), (0, 1, 1))
((1, 0, 1), (0, 0, 1), (1, 1, 0))
((1, 0, 1), (0, 0, 1), (1, 1, 1))
((1, 0, 1), (0, 1, 0), (0, 0, 1))
((1, 0, 1), (0, 1, 0), (0, 1, 1))
((1, 0, 1), (0, 1, 0), (1, 0, 0))
((1, 0, 1), (0, 1, 0), (1, 1, 0))
((1, 0, 1), (0, 1, 1), (0, 0, 1))
((1, 0, 1), (0, 1, 1), (0, 1, 0))
((1, 0, 1), (0, 1, 1), (1, 0, 0))
((1, 0, 1), (0, 1, 1), (1, 1, 1))
((1, 0, 1), (1, 0, 0), (0, 1, 0))
((1, 0, 1), (1, 0, 0), (0, 1, 1))
((1, 0, 1), (1, 0, 0), (1, 1, 0))
((1, 0, 1), (1, 0, 0), (1, 1, 1))
((1, 0, 1), (1, 1, 0), (0, 0, 1))
((1, 0, 1), (1, 1, 0), (0, 1, 0))
((1, 0, 1), (1, 1, 0), (1, 0, 0))
((1, 0, 1), (1, 1, 0), (1, 1, 1))
((1, 0, 1), (1, 1, 1), (0, 0, 1))
((1, 0, 1), (1, 1, 1), (0, 1, 1))
((1, 0, 1), (1, 1, 1), (1, 0, 0))
((1, 0, 1), (1, 1, 1), (1, 1, 0))
((1, 1, 0), (0, 0, 1), (0, 1, 0))
((1, 1, 0), (0, 0, 1), (0, 1, 1))
((1, 1, 0), (0, 0, 1), (1, 0, 0))
((1, 1, 0), (0, 0, 1), (1, 0, 1))
((1, 1, 0), (0, 1, 0), (0, 0, 1))
((1, 1, 0), (0, 1, 0), (0, 1, 1))
((1, 1, 0), (0, 1, 0), (1, 0, 1))
((1, 1, 0), (0, 1, 0), (1, 1, 1))
((1, 1, 0), (0, 1, 1), (0, 0, 1))
((1, 1, 0), (0, 1, 1), (0, 1, 0))
((1, 1, 0), (0, 1, 1), (1, 0, 0))
((1, 1, 0), (0, 1, 1), (1, 1, 1))
((1, 1, 0), (1, 0, 0), (0, 0, 1))
((1, 1, 0), (1, 0, 0), (0, 1, 1))
((1, 1, 0), (1, 0, 0), (1, 0, 1))
((1, 1, 0), (1, 0, 0), (1, 1, 1))
((1, 1, 0), (1, 0, 1), (0, 0, 1))
((1, 1, 0), (1, 0, 1), (0, 1, 0))
((1, 1, 0), (1, 0, 1), (1, 0, 0))
((1, 1, 0), (1, 0, 1), (1, 1, 1))
((1, 1, 0), (1, 1, 1), (0, 1, 0))
((1, 1, 0), (1, 1, 1), (0, 1, 1))
((1, 1, 0), (1, 1, 1), (1, 0, 0))
((1, 1, 0), (1, 1, 1), (1, 0, 1))
((1, 1, 1), (0, 0, 1), (0, 1, 0))
((1, 1, 1), (0, 0, 1), (0, 1, 1))
((1, 1, 1), (0, 0, 1), (1, 0, 0))
((1, 1, 1), (0, 0, 1), (1, 0, 1))
((1, 1, 1), (0, 1, 0), (0, 0, 1))
((1, 1, 1), (0, 1, 0), (0, 1, 1))
((1, 1, 1), (0, 1, 0), (1, 0, 0))
((1, 1, 1), (0, 1, 0), (1, 1, 0))
((1, 1, 1), (0, 1, 1), (0, 0, 1))
((1, 1, 1), (0, 1, 1), (0, 1, 0))
((1, 1, 1), (0, 1, 1), (1, 0, 1))
((1, 1, 1), (0, 1, 1), (1, 1, 0))
((1, 1, 1), (1, 0, 0), (0, 0, 1))
((1, 1, 1), (1, 0, 0), (0, 1, 0))
((1, 1, 1), (1, 0, 0), (1, 0, 1))
((1, 1, 1), (1, 0, 0), (1, 1, 0))
((1, 1, 1), (1, 0, 1), (0, 0, 1))
((1, 1, 1), (1, 0, 1), (0, 1, 1))
((1, 1, 1), (1, 0, 1), (1, 0, 0))
((1, 1, 1), (1, 0, 1), (1, 1, 0))
((1, 1, 1), (1, 1, 0), (0, 1, 0))
((1, 1, 1), (1, 1, 0), (0, 1, 1))
((1, 1, 1), (1, 1, 0), (1, 0, 0))
((1, 1, 1), (1, 1, 0), (1, 0, 1))
Counter of bases printed by the program: 168